⎡ 5.028054954055634e+07  1.2346550006766243e+07  -2.528933302252673e+07⎤
⎢1.2346550006766243e+07   3.131354977366129e+07  1.2644666511263365e+07⎥
⎣-2.528933302252673e+07  1.2644666511263365e+07   6.717723506252673e+07⎦
0606601717798209e+09  -3e+09       0       0      0⎤
⎢                      0    5.121320343559642e+09                        0                        0  -1.0606601717798209e+09  -1.0606601717798209e+09                        0                        0   1.0606601717798209e+09  -1.0606601717798209e+09       0       0       0      0⎥
⎢                 -3e+09                        0    4.060660171779821e+09   1.0606601717798209e+09                        0                        0  -1.0606601717798209e+09  -1.0606601717798209e+09                        0                        0       0       0       0      0⎥
⎢                      0                        0   1.0606601717798209e+09    4.060660171779821e+09                        0                   -3e+09  -1.0606601717798209e+09  -1.0606601717798209e+09                        0                        0       0       0       0      0⎥
⎢-1.0606601717798209e+09  -1.0606601717798209e+09                        0                        0    7.060660171779821e+09   1.0606601717798209e+09                   -3e+09                        0                        0                        0       0       0       0      0⎥
⎢-1.0606601717798209e+09  -1.0606601717798209e+09                        0                   -3e+09   1.0606601717798209e+09    4.060660171779821e+09                        0                        0                        0                        0       0       0       0      0⎥
⎢                      0                        0  -1.0606601717798209e+09  -1.0606601717798209e+09                   -3e+09                        0    4.060660171779821e+09   1.0606601717798209e+09                        0                        0       0       0       0      0⎥
⎢                      0                        0  -1.0606601717798209e+09  -1.0606601717798209e+09                        0                        0   1.0606601717798209e+09   1.0606601717798209e+09                        0                        0       0       0       0      0⎥
⎢-1.0606601717798209e+09   1.0606601717798209e+09                        0                        0                        0                        0                        0                        0    8.121320343559642e+09                        0       0       0  -3e+09      0⎥
⎢ 1.0606601717798209e+09  -1.0606601717798209e+09                        0                        0                        0                        0                        0                        0                        0    5.121320343559642e+09       0  -3e+09       0      0⎥
⎢                 -3e+09                        0                        0                        0                        0                        0                        0                        0                        0                        0   6e+09       0       0      0⎥
⎢                      0                        0                        0                        0                        0                        0                        0                        0                        0                   -3e+09       0   3e+09       0      0⎥
⎢                      0                        0                        0                        0                        0                        0                        0                        0                   -3e+09                        0       0       0   3e+09      0⎥
⎣                      0                        0                        0                        0                        0                        0                        0                        0                        0                        0       0       0       0  3e+09⎦
  0        0                       0                        0                        0                        0                       0                        0                       0                        0                        0⎥
⎢                      0                        0                       0                        0    9.394051429365118e+07  -2.2366789117535964e+07  -1.8788102858730257e+08    1.844733578235071e+09   9.394051429365137e+07  -2.236678911753606e+07                        0  -1.7999999999999988e+09                       0                        0                       0        0                       0                        0                        0                        0                       0                        0                       0                        0                        0⎥
⎢                      0                        0                       0                        0                        0                        0   -3.945501600333355e+08    9.394051429365137e+07   8.231215886047641e+08  -9.394051429365137e+07   -4.285714285714286e+08                        0                       0                        0                       0        0                       0                        0                        0                        0                       0                        0                       0                        0                        0⎥
⎢                      0                        0                       0                        0                        0                        0    9.394051429365137e+07   -2.236678911753606e+07  -9.394051429365137e+07   2.236678911753606e+07                        0                        0                       0                        0                       0        0                       0                        0                        0                        0                       0                        0                       0                        0                        0⎥
⎢                      0                        0                       0                        0  -3.1541707589227897e+08   1.5019860756775182e+08                        0                        0  -4.285714285714286e+08                       0   1.1725599330351362e+09  -1.5019860756775182e+08  -4.285714285714286e+08                        0                       0        0                       0                        0                        0                        0                       0                        0                       0                        0                        0⎥
⎢                      0                        0                       0                        0   1.5019860756775182e+08   -7.152314646083418e+07                        0  -1.7999999999999988e+09                       0                       0  -1.5019860756775182e+08    1.871523146460833e+09                       0                        0                       0        0                       0                        0                        0                        0                       0                        0                       0                        0                        0⎥
⎢                      0                        0  -2.309243634505599e+08    1.649459738932571e+08                        0                        0                        0                        0                       0                       0   -4.285714285714286e+08                        0  1.0880672205934172e+09   -1.649459738932571e+08  -4.285714285714286e+08        0                       0                        0                        0                        0                       0                        0                       0                        0                        0⎥
⎢                      0                        0   1.649459738932571e+08  -1.1781855278089793e+08                        0   -9.000000000000004e+08                        0                        0                       0                       0                        0                        0  -1.649459738932571e+08   1.0178185527808983e+09                       0        0                       0                        0                        0                        0                       0                        0                       0                        0                        0⎥
⎢ -4.285714285714286e+08                        0                       0                        0                        0                        0                        0                        0                       0                       0                        0                        0  -4.285714285714286e+08                        0   8.571428571428572e+08        0                       0                        0                        0                        0                       0                        0                       0                        0                        0⎥
⎢                      0                        0                       0                   -6e+08                        0                        0                        0                        0                       0                       0                        0                        0                       0                        0                       0  1.2e+09                       0                   -6e+08                        0                        0                       0                        0                       0                        0                        0⎥
⎢ -2.309243634505599e+08    1.649459738932571e+08                       0                        0                        0                        0                        0                        0                       0                       0                        0                        0                       0                        0                       0        0   8.737815063077028e+08   -1.649459738932571e+08                        0                        0                       0                        0                       0   -6.428571428571429e+08                        0⎥
⎢  1.649459738932571e+08  -1.1781855278089793e+08                       0                        0                        0                        0                        0                        0                       0                       0                        0                        0                       0                        0                       0   -6e+08  -1.649459738932571e+08    1.317818552780898e+09                        0                   -6e+08                       0                        0                       0                        0                        0⎥
⎢                      0                        0                       0                        0                        0                        0                        0                        0                       0                       0                        0                        0                       0                        0                       0        0                       0                        0    1.489923548292341e+09   -2.187956384764881e+08                       0  -1.2857142857142854e+09                       0  -2.0420926257805553e+08    2.187956384764881e+08⎥
⎢                      0                        0                       0                        0                        0                        0                        0                        0                       0                       0                        0                        0                       0                        0                       0        0                       0                   -6e+08   -2.187956384764881e+08   1.4344238983676658e+09                       0                        0                       0    2.187956384764881e+08  -2.3442389836766586e+08⎥
⎢                      0                        0                       0                        0                        0                        0                        0                        0                       0                       0                        0                        0                       0                        0                       0        0                       0                        0                        0                        0   3.115185037596589e+08   -9.723278947394459e+07   2.083559774441669e+08                        0                        0⎥
⎢                      0                        0                       0                        0                        0                        0                        0                        0                       0                       0                        0                        0                       0                        0                       0        0                       0                        0  -1.2857142857142854e+09                        0  -9.723278947394459e+07     1.38294707518823e+09  -2.083559774441669e+08                        0                        0⎥
⎢                      0                        0                       0                        0                        0                        0                        0                        0                       0                       0                        0                        0                       0                        0                       0        0                       0                        0                        0                        0   2.083559774441669e+08   -2.083559774441669e+08  4.4647709452321476e+08                        0                        0⎥
⎢ -9.723278947394459e+07    2.083559774441669e+08                       0                        0                        0                        0                        0                        0                       0                       0                        0                        0                       0                        0                       0        0  -6.428571428571429e+08                        0  -2.0420926257805553e+08    2.187956384764881e+08                       0                        0                       0     9.44299194909143e+08    -4.27151615920655e+08⎥
⎣  2.083559774441669e+08  -4.4647709452321476e+08                       0                        0                        0                        0                        0                        0                       0                       0                        0                        0                       0                        0                       0        0                       0                        0    2.187956384764881e+08  -2.3442389836766586e+08                       0                        0                       0    -4.27151615920655e+08    6.809009928908806e+08⎦
